<?xml version="1.0"?>
<opencv_storage>
<calibration_time>"Tue 15 May 2018 02:42:00 PM CEST"</calibration_time>
<nr_of_frames>9</nr_of_frames>
<image_width>2592</image_width>
<image_height>1944</image_height>
<board_width>9</board_width>
<board_height>6</board_height>
<square_size>1.7500000000000000e+01</square_size>
<!-- flags: +fix_k4 +fix_k5 -->
<flags>6144</flags>
<fisheye_model>0</fisheye_model>
<camera_matrix type_id="opencv-matrix">
  <rows>3</rows>
  <cols>3</cols>
  <dt>d</dt>
  <data>
    3.8594748449318299e+03 0. 1.2175499625904199e+03 0.
    3.8619881306290436e+03 1.0841616675804860e+03 0. 0. 1.</data></camera_matrix>
<distortion_coefficients type_id="opencv-matrix">
  <rows>5</rows>
  <cols>1</cols>
  <dt>d</dt>
  <data>
    -2.5969709587497797e-01 7.1348761653412029e-01
    -6.4946757139567636e-04 -3.9191661818037833e-04
    -2.8327338179679167e+00</data></distortion_coefficients>
<avg_reprojection_error>1.6316837814849146e+00</avg_reprojection_error>
<per_view_reprojection_errors type_id="opencv-matrix">
  <rows>9</rows>
  <cols>1</cols>
  <dt>f</dt>
  <data>
    1.19118047e+00 1.06637633e+00 1.58956659e+00 1.84809530e+00
    2.24491191e+00 9.80878890e-01 1.93795240e+00 2.01916528e+00
    1.27625966e+00</data></per_view_reprojection_errors>
<!-- a set of 6-tuples (rotation vector + translation vector) for each view -->
<extrinsic_parameters type_id="opencv-matrix">
  <rows>9</rows>
  <cols>6</cols>
  <dt>d</dt>
  <data>
    -2.3463146252078709e-01 -3.0064956724257313e-01
    -1.5478885751966227e+00 3.4889248595295228e+01
    2.6404054962701419e+01 3.8729918904338780e+02
    -9.0935096561657755e-02 -2.8167613651104523e-01
    -1.6376356541702191e+00 -8.4823762967094808e+01
    5.4942214322870335e+01 4.0563659917335821e+02
    -4.1758602440188052e-02 -1.0314069666727745e-02
    8.2510527556094657e-03 -8.5617175255547949e+01
    -3.0775165260674097e+01 4.2031301921144188e+02
    6.1705920536409742e-01 -1.7121047625029670e-01
    -2.6826968348827807e-01 -7.2221940907045266e+01
    -1.8787290521840234e+01 3.5529139115477267e+02
    7.7545075242252448e-01 -2.0259289948667838e-01
    -3.0012614729532366e-01 -8.3633310427793447e+01
    -1.3063397352614583e+01 3.2877087203715308e+02
    -1.8116460590115871e-01 -1.0582304140258642e-01
    1.6680160583904264e+00 4.1440729027753122e+01
    -8.9060867885816904e+01 4.3642878052301933e+02
    3.2072301181712659e-01 -7.4119609465967529e-01
    1.4080689166438114e+00 8.1169594361835735e+01
    -6.4060564497311674e+01 3.5019474028033522e+02
    -5.0502413927590473e-01 5.5711155909258170e-01
    1.5396972004164995e+00 6.1822201343681456e+01
    -8.2738445094700808e+01 4.4646746792235200e+02
    -4.7789871463066944e-02 -6.0166810102878485e-02
    1.5604640322677782e-02 -5.5077228213328866e+01
    -5.7828874752706191e+01 3.1691327469064049e+02</data></extrinsic_parameters>
<image_points type_id="opencv-matrix">
  <rows>9</rows>
  <cols>54</cols>
  <dt>"2f"</dt>
  <data>
    1.56344604e+03 1.34686340e+03 1.55866309e+03 1.18025366e+03
    1.55317810e+03 1.02049512e+03 1.54743665e+03 8.66283997e+02
    1.54227893e+03 7.15073792e+02 1.53685571e+03 5.68914062e+02
    1.53146667e+03 4.26608459e+02 1.52634937e+03 2.90213226e+02
    1.52192029e+03 1.58488602e+02 1.73583057e+03 1.34764526e+03
    1.72894727e+03 1.18187256e+03 1.72132324e+03 1.02209009e+03
    1.71277258e+03 8.68292542e+02 1.70455933e+03 7.18745972e+02
    1.69721936e+03 5.72150024e+02 1.68916052e+03 4.29882355e+02
    1.68146228e+03 2.95151093e+02 1.67428064e+03 1.63713684e+02
    1.90533484e+03 1.34882812e+03 1.89601318e+03 1.18425879e+03
    1.88691467e+03 1.02374762e+03 1.87579993e+03 8.70428467e+02
    1.86489502e+03 7.22207458e+02 1.85483728e+03 5.76865784e+02
    1.84484619e+03 4.34311523e+02 1.83449707e+03 2.99740936e+02
    1.82476208e+03 1.69741516e+02 2.07246655e+03 1.34934448e+03
    2.06100757e+03 1.18562292e+03 2.04946338e+03 1.02670178e+03
    2.03653271e+03 8.72681030e+02 2.02271399e+03 7.25768311e+02
    2.00999463e+03 5.81781494e+02 1.99752759e+03 4.40164612e+02
    1.98542468e+03 3.04888031e+02 1.97326453e+03 1.75000580e+02
    2.23504541e+03 1.35064709e+03 2.22206689e+03 1.18810876e+03
    2.20870630e+03 1.02950842e+03 2.19418628e+03 8.75756042e+02
    2.17842578e+03 7.28366760e+02 2.16271997e+03 5.86507629e+02
    2.14756714e+03 4.46403778e+02 2.13303296e+03 3.12235382e+02
    2.11914014e+03 1.82209610e+02 2.39662085e+03 1.35183630e+03
    2.38142578e+03 1.19044275e+03 2.36631763e+03 1.03313684e+03
    2.34998169e+03 8.79762634e+02 2.33292578e+03 7.32181946e+02
    2.31504272e+03 5.90375427e+02 2.29731763e+03 4.51932922e+02
    2.28053491e+03 3.18536377e+02 2.26411426e+03 1.89752930e+02
    4.21317566e+02 1.60011292e+03 4.11710724e+02 1.43748401e+03
    4.04435303e+02 1.27918347e+03 3.97647369e+02 1.12242053e+03
    3.91574249e+02 9.68496094e+02 3.85608185e+02 8.17135071e+02
    3.80417633e+02 6.68224304e+02 3.75899567e+02 5.23568237e+02
    3.72808716e+02 3.82713745e+02 5.83500549e+02 1.58782166e+03
    5.75838196e+02 1.42665210e+03 5.66350403e+02 1.26774951e+03
    5.58772827e+02 1.11206738e+03 5.50631348e+02 9.58612061e+02
    5.43433594e+02 8.07550598e+02 5.36239807e+02 6.58462830e+02
    5.30669922e+02 5.15514587e+02 5.25310791e+02 3.74661926e+02
    7.50099670e+02 1.57653333e+03 7.38357971e+02 1.41596143e+03
    7.28166931e+02 1.25697668e+03 7.18121643e+02 1.10124194e+03
    7.09137695e+02 9.49108643e+02 6.99965942e+02 7.98666321e+02
    6.91507812e+02 6.49830444e+02 6.83853943e+02 5.06952667e+02
    6.77199463e+02 3.67670258e+02 9.12080750e+02 1.56431006e+03
    9.00232483e+02 1.40447546e+03 8.88114319e+02 1.24641528e+03
    8.77121704e+02 1.09105237e+03 8.65630615e+02 9.39362244e+02
    8.55585693e+02 7.90321045e+02 8.45339050e+02 6.42166016e+02
    8.36262451e+02 4.99264435e+02 8.27656799e+02 3.59824310e+02
    1.07307849e+03 1.55263318e+03 1.05954187e+03 1.39315088e+03
    1.04719543e+03 1.23623425e+03 1.03416101e+03 1.08062964e+03
    1.02181195e+03 9.29522278e+02 1.00948956e+03 7.81653198e+02
    9.98103088e+02 6.35208191e+02 9.86844055e+02 4.92988525e+02
    9.76926941e+02 3.54373627e+02 1.23312085e+03 1.53962134e+03
    1.21928735e+03 1.38214087e+03 1.20538159e+03 1.22573340e+03
    1.19181824e+03 1.07134668e+03 1.17758521e+03 9.19964539e+02
    1.16411951e+03 7.72984192e+02 1.15044727e+03 6.27307861e+02
    1.13813281e+03 4.86582489e+02 1.12594690e+03 3.48931702e+02
    4.41545715e+02 8.04873474e+02 5.97530334e+02 8.04615784e+02
    7.55956543e+02 8.05216614e+02 9.16267883e+02 8.06945679e+02
    1.07604272e+03 8.07799561e+02 1.23598865e+03 8.08948303e+02
    1.39664270e+03 8.09763062e+02 1.55565283e+03 8.11417053e+02
    1.71369165e+03 8.13142090e+02 4.37833344e+02 9.64662964e+02
    5.94128662e+02 9.64677368e+02 7.52603088e+02 9.65570618e+02
    9.13510254e+02 9.67262634e+02 1.07401196e+03 9.68565613e+02
    1.23422278e+03 9.69176331e+02 1.39561755e+03 9.70146606e+02
    1.55467725e+03 9.71531189e+02 1.71318433e+03 9.73200439e+02
    4.34678925e+02 1.12424377e+03 5.91722168e+02 1.12540015e+03
    7.48466919e+02 1.12060583e+03 9.11087952e+02 1.12786096e+03
    1.07194299e+03 1.12913733e+03 1.23247791e+03 1.13020166e+03
    1.39416565e+03 1.13080688e+03 1.55373730e+03 1.13192224e+03
    1.71220654e+03 1.13322339e+03 4.31398529e+02 1.28393250e+03
    5.88984253e+02 1.28537622e+03 7.47347534e+02 1.28707410e+03
    9.08798218e+02 1.28861353e+03 1.06970569e+03 1.28980286e+03
    1.23047375e+03 1.29073206e+03 1.39238574e+03 1.29138025e+03
    1.55223499e+03 1.29211060e+03 1.71115234e+03 1.29297192e+03
    4.30098236e+02 1.44262170e+03 5.87136963e+02 1.44491443e+03
    7.45545349e+02 1.44720691e+03 9.06681824e+02 1.44873792e+03
    1.06807800e+03 1.44990662e+03 1.22875085e+03 1.45060083e+03
    1.39019226e+03 1.45116272e+03 1.55000342e+03 1.45166272e+03
    1.70894507e+03 1.45229272e+03 4.28830078e+02 1.60264111e+03
    5.85839294e+02 1.60540771e+03 7.44335083e+02 1.60785156e+03
