<?xml version="1.0"?>
<opencv_storage>
<calibration_time>"Fri Jun 15 11:45:44 2018"</calibration_time>
<nFrames>20</nFrames>
<flags>0</flags>
<imageSize>
  3008 3008</imageSize>
<camera_matrix type_id="opencv-matrix">
  <rows>3</rows>
  <cols>3</cols>
  <dt>d</dt>
  <data>
    1.4778188305088690e+03 6.9746120167421488e-01 1.4886670907354676e+03
    0. 1.4786059696837733e+03 1.4986215926029258e+03 0. 0. 1.</data></camera_matrix>
<distortion_coefficients type_id="opencv-matrix">
  <rows>1</rows>
  <cols>4</cols>
  <dt>d</dt>
  <data>
    -2.2603874071366884e-02 1.6680375260089541e-03
    1.7996364807964125e-04 4.3613572037580836e-04</data></distortion_coefficients>
<xi>9.5458918408607130e-01</xi>
<used_imgs>
  img/calib_color_omni2/img_0_0.bmp img/calib_color_omni2/img_0_1.bmp
  img/calib_color_omni2/img_0_2.bmp img/calib_color_omni2/img_0_3.bmp
  img/calib_color_omni2/img_0_4.bmp img/calib_color_omni2/img_0_5.bmp
  img/calib_color_omni2/img_0_6.bmp img/calib_color_omni2/img_0_7.bmp
  img/calib_color_omni2/img_0_8.bmp img/calib_color_omni2/img_0_9.bmp
  img/calib_color_omni2/img_0_10.bmp img/calib_color_omni2/img_0_11.bmp
  img/calib_color_omni2/img_0_12.bmp img/calib_color_omni2/img_0_13.bmp
  img/calib_color_omni2/img_0_14.bmp img/calib_color_omni2/img_0_15.bmp
  img/calib_color_omni2/img_0_16.bmp img/calib_color_omni2/img_0_17.bmp
  img/calib_color_omni2/img_0_18.bmp img/calib_color_omni2/img_0_19.bmp</used_imgs>
<extrinsic_parameters type_id="opencv-matrix">
  <rows>20</rows>
  <cols>6</cols>
  <dt>d</dt>
  <data>
    9.1961502918319737e-01 7.9931179437813393e-01
    -1.4472672802890634e+00 -5.3591847233425817e+01
    -7.2252646076712722e+01 1.7913782251772685e+02
    1.0092638899706750e+00 7.6643039063596263e-01
    -1.8321785563299777e+00 -8.1921291397290219e+01
    -5.0067727845364850e+01 1.9221545472258535e+02
    1.3596433836200346e+00 4.9837902566293391e-01
    -2.2233466010185126e+00 -9.1879912403669579e+01
    5.8974912996813145e-01 1.8588292469799535e+02 1.4947672631767590e+00
    1.5803230761588857e-01 -2.7077498906364537e+00
    -8.0127349433390833e+01 3.7061349068532415e+01
    1.9451445422147043e+02 -9.6293000858678757e-01
    -8.1664127330874896e-03 2.4353871572705397e+00
    -1.3763046546635135e+02 9.4271835383881808e+01
    1.9082253694383380e+02 -9.3074180539414320e-01
    5.1332196287821341e-01 2.1611767703929554e+00
    -7.6703356740011458e+01 1.2904753315886140e+02
    1.9766646464475585e+02 -5.6388376978515964e-01
    9.7444372186253381e-01 1.2699098326480185e+00 1.7683110971800980e+02
    6.2133585101782295e+01 1.9049798609116797e+02
    -1.3837378108564269e-01 8.7088093019177826e-01
    7.2169967626122689e-01 1.6012914718121488e+02
    -6.0688907887487133e+01 1.8996859931723992e+02
    -9.3833930846596344e-05 1.2236983120153726e+00
    4.6509785430973088e-02 1.1026499731814647e+02
    -8.6735829998933596e+01 1.9773986315431446e+02
    2.5525906928992442e-01 1.0229603270949508e+00
    -7.1303540151603406e-01 4.4561896611465599e+01
    -7.8899384883361336e+01 1.7919707874196544e+02
    8.4582546065025743e-01 8.0709397289866247e-01
    -1.2883113091782190e+00 -4.0158882705509015e+01
    -8.4306001170667727e+01 1.7059410704948428e+02
    7.9281622065474761e-02 1.1123486124067994e+00
    -2.8602264850889791e+00 5.7273560053631087e+01
    -5.3265249262687874e+01 1.3209070204507250e+02
    -2.9196901647386170e-01 -9.7461227552755580e-01
    2.2640887309642999e+00 -3.5074334259062119e+00
    -8.0739350530438173e+01 1.1794361420356559e+02
    -4.4674890290692076e-01 -8.5032931373649323e-01
    1.9759295132178123e+00 -5.9647147272071805e+01
    -5.8435277172809521e+01 1.0308154635095529e+02
    -4.8671718494586441e-01 -5.6298277344626901e-01
    1.4615328106856935e+00 -1.1056013704961777e+02
    -3.3260604929733539e+01 1.1999375579060967e+02
    -5.3331850949082327e-01 -5.8206620496057959e-01
    9.7357240647829391e-01 -1.4850726852784385e+02
    -6.5277325626337571e+01 1.0859903248814484e+02
    -9.2891111459027753e-01 5.6103435592942508e-01
    -7.7144350957390140e-01 8.8468847488944334e+01
    5.7221281573384680e+01 1.6131636166046502e+02
    -5.4202550620513468e-01 7.4459860373523634e-01
    -1.4466518585901178e+00 5.8259184656054693e+01
    6.6026288816073473e+00 1.2835876956130124e+02
    -1.8110597920205584e-01 8.3922667057133060e-01
    -2.0199314701188813e+00 7.7340111315056305e+01
    -6.5040180662914144e+00 1.1323825155963510e+02
    -1.4693479776245605e-01 1.2386503634048676e+00
    -2.4896157202790405e+00 6.0526995632600730e+01
    -5.0142846672766908e+01 1.1442356782175914e+02</data></extrinsic_parameters>
<rms>8.6990416172196172e-01</rms>
